3 404 1 382 44
3 572 1 596 44
3 471 1 1699 44
3 471 1 1102 44
3 505 1 2482 44
3 471 1 3300 44
3 370 1 4344 44
3 370 1 5098 44
3 370 1 5758 44
3 370 1 6670 44
3 370 1 7424 44
3 404 1 8772 44
3 438 1 9270 44
3 673 1 9553 44
3 1666 1 9791 44
3 2605 1 9966 44
3 2348 1 9788 44
3 1205 1 9668 44
3 3082 1 9380 44
3 3867 1 9666 44
3 4115 1 9661 44
3 5424 1 9772 44
3 6254 1 9798 44
3 8232 1 9908 44
3 8650 1 9902 44
3 9526 1 9853 44
3 10011 1 9694 44
3 9688 1 8534 44
3 9661 1 7807 44
3 9715 1 7125 44
3 9796 1 6441 44
3 9930 1 5417 44
3 9903 1 4354 44
3 9903 1 3737 44
3 9930 1 2249 44
3 9823 1 1189 44
3 9688 1 520 44
3 9526 1 328 44
3 9145 1 143 44
3 8483 1 -36 44
3 7980 1 7 44
3 7583 1 133 44
3 6866 1 155 44
3 5811 1 187 44
3 4454 1 168 44
3 3680 1 130 44
3 3177 1 175 44
3 2315 1 231 44
3 1600 1 283 44
3 1139 1 484 44
3 1040 1 830 44
3 1502 1 1155 44
3 2380 1 1212 44
3 3991 1 1177 44
3 4790 1 1084 44
3 5900 1 1039 44
3 6547 1 1071 44
3 7555 1 1145 44
3 8400 1 1138 44
3 8981 1 1481 44
3 9390 1 2337 44
3 9661 1 3953 44
3 9445 1 5662 44
3 9309 1 6891 44
3 8926 1 9406 44
3 8815 1 9422 44
3 9553 1 9792 44
3 9607 1 9474 44
3 9607 1 9362 44
3 9445 1 9217 44
3 8288 1 9184 44
3 7640 1 9566 44
3 7155 1 9637 44
3 6342 1 9668 44
3 5663 1 9796 44
3 5062 1 9765 44
3 4607 1 9711 44
3 4331 1 9600 44
3 3555 1 9589 44
3 3177 1 9580 44
3 2219 1 9468 44
3 1633 1 9206 44
3 1040 1 9004 44
3 740 1 8605 44
3 572 1 8030 44
3 505 1 7629 44
3 337 1 6579 44
3 337 1 5258 44
3 337 1 3592 44
3 370 1 2332 44
3 1139 1 1762 44
3 1666 1 1335 44
3 2186 1 974 44
3 2605 1 774 44
3 3960 1 726 44
3 4607 1 732 44
3 3177 1 1028 44
3 2796 1 1868 44
3 1600 1 1988 44
3 1238 1 2566 44
3 1040 1 5198 44
3 1172 1 6807 44
3 1469 1 8452 44
3 3209 1 9180 44
3 4238 1 9192 44
3 6982 1 9342 44
3 8344 1 9062 44
3 9200 1 8658 44
3 9145 1 7873 44
3 9090 1 7681 44
3 9309 1 6354 44
3 9553 1 5173 44
3 9553 1 4835 44
3 9553 1 4271 44
3 9580 1 3452 44
3 9580 1 3030 44
3 9715 1 2796 44
3 9336 1 2453 44
3 9336 1 2651 44
3 9145 1 2606 44
3 9008 1 2161 44
3 9035 1 1847 44
3 9063 1 1478 44
3 8148 1 1292 44
3 8733 1 1294 44
3 8733 1 1294 44
